P0:  1.00000000  0.00000000 0.00000000 0    0.00000000  1.00000000  0.00000000 0   0.00000000  0.00000000  1.00000000 0
P2:  0.01570672  0.49981961 0.86598710 0   -0.99983856  0.01541013  0.00924021 0  -0.00872654 -0.86599243  0.49998096 0
Tr: -0.49981961 -0.86598710 0.01570672 0   -0.01541013 -0.00924021 -0.99983856 0   0.86599243 -0.49998096 -0.00872654 0